   2  1829   1     0     3     3  0.683      0.183      0.0001000 
   2  1830   1     0     3     3  0.683      0.183      0.0001000 
   2  1831   1     0     5     5  0.683      0.183      0.0001000 
   2  1832   1     0     3     3  0.683      0.183      0.0001000 
   2  1833   1     0     3     3  0.683      0.183      0.0001000 
   2  1834   1     0     5     5  0.683      0.183      0.0001000 
   2  1835   1     0     1     1  0.683      0.183      0.0001000 
   2  1836   1     0     4     4  0.684      0.184      0.0001000 
   2  1837   1     0     4     4  0.684      0.184      0.0001000 
   2  1838   1     0     3     3  0.684      0.184      0.0001000 
   2  1839   1     0     5     5  0.684      0.184      0.0001000 
   2  1840   1     0     3     3  0.684      0.184      0.0001000 
   2  1841   1     0     3     3  0.684      0.184      0.0001000 
   2  1842   1     0     5     5  0.684      0.184      0.0001000 
   2  1843   1     0     3     3  0.684      0.184      0.0001000 
   2  1844   1     0     3     3  0.684      0.184      0.0001000 
   2  1845   1     0     5     5  0.684      0.184      0.0001000 
   2  1846   1     0     5     5  0.685      0.185      0.0001000 
   2  1847   1     0     5     5  0.685      0.185      0.0001000 
   2  1848   1     0     5     5  0.685      0.185      0.0001000 
   2  1849   1     0     3     3  0.685      0.185      0.0001000 
   2  1850   1     0     3     3  0.685      0.185      0.0001000 
   2  1851   1     0     5     5  0.685      0.185      0.0001000 
   2  1852   1     0     5     5  0.685      0.185      0.0001000 
   2  1853   1     0     3     3  0.685      0.185      0.0001000 
   2  1854   1     0     3     3  0.685      0.185      0.0001000 
   2  1855   1     0     5     5  0.685      0.185      0.0001000 
   2  1856   1     0     5     5  0.686      0.186      0.0001000 
   2  1857   1     0     3     3  0.686      0.186      0.0001000 
   2  1858   1     0     3     3  0.686      0.186      0.0001000 
   2  1859   1     0     5     5  0.686      0.186      0.0001000 
   2  1860   1     0     3     3  0.686      0.186      0.0001000 
   2  1861   1     0     5     5  0.686      0.186      0.0001000 
   2  1862   1     0     5     5  0.686      0.186      0.0001000 
   2  1863   1     0     3     3  0.686      0.186      0.0001000 
   2  1864   1     0     5     5  0.686      0.186      0.0001000 
   2  1865   1     0     5     5  0.686      0.186      0.0001000 
   2  1866   1     0     5     5  0.687      0.187      0.0001000 
   2  1867   1     0     5     5  0.687      0.187      0.0001000 
   2  1868   1     0     5     5  0.687      0.187      0.0001000 
   2  1869   1     0     5     5  0.687      0.187      0.0001000 
   2  1870   1     0     5     5  0.687      0.187      0.0001000 
   2  1871   1     0     5     5  0.687      0.187      0.0001000 
   2  1872   1     0     5     5  0.687      0.187      0.0001000 
   2  1873   1     0     5     5  0.687      0.187      0.0001000 
   2  1874   1     0     5     5  0.687      0.187      0.0001000 
   2  1875   1     0     5     5  0.687      0.187      0.0001000 
   2  1876   1     0     4     4  0.688      0.188      0.0001000 
   2  1877   1     0     5     5  0.688      0.188      0.0001000 
   2  1878   1     0     4     4  0.688      0.188      0.0001000 
   2  1879   1     0     5     5  0.688      0.188      0.0001000 
   2  1880   1     0     4     4  0.688      0.188      0.0001000 
   2  1881   1     0     5     5  0.688      0.188      0.0001000 
   2  1882   1     0     4     4  0.688      0.188      0.0001000 
   2  1883   1     0     5     5  0.688      0.188      0.0001000 
   2  1884   1     0     4     4  0.688      0.188      0.0001000 
   2  1885   1     0     4     4  0.688      0.188      0.0001000 
   2  1886   1     0     4     4  0.689      0.189      0.0001000 
   2  1887   1     0     4     4  0.689      0.189      0.0001000 
   2  1888   1     0     4     4  0.689      0.189      0.0001000 
   2  1889   1     0     4     4  0.689      0.189      0.0001000 
   2  1890   1     0     4     4  0.689      0.189      0.0001000 
   2  1891   1     0     4     4  0.689      0.189      0.0001000 
   2  1892   1     0     4     4  0.689      0.189      0.0001000 
   2  1893   1     0     4     4  0.689      0.189      0.0001000 
   2  1894   1     0     4     4  0.689      0.189      0.0001000 
   2  1895   1     0     4     4  0.689      0.189      0.0001000 
   2  1896   1     0     4     4  0.690      0.190      0.0001000 
   2  1897   1     0     4     4  0.690      0.190      0.0001000 
   2  1898   1     0     4     4  0.690      0.190      0.0001000 
   2  1899   1     0     4     4  0.690      0.190      0.0001000 
   2  1900   1     0     4     4  0.690      0.190      0.0001000 
   2  1901   1     0     4     4  0.690      0.190      0.0001000 
   2  1902   1     0     4     4  0.690      0.190      0.0001000 
   2  1903   1     0     4     4  0.690      0.190      0.0001000 
   2  1904   1     0     4     4  0.690      0.190      0.0001000 
   2  1905   1     0     4     4  0.690      0.190      0.0001000 
   2  1906   1     0     5     5  0.690      0.190      0.0001000 
                          
 THE ANALYSIS HAS NOT BEEN COMPLETED
